32 116
32 97
104 101
105 110
114 101
256 258
32 111
101 114
111 110
97 116
32 115
101 110
32 99
101 115
32 119
105 115
110 100
111 114
105 116
32 112
101 100
262 102
97 108
32 98
32 102
97 110
32 259
259 103
97 114
32 109
111 117
257 272
105 99
256 111
105 264
32 100
108 101
114 111
97 115
267 116
32 104
256 104
99 116
105 108
32 101
32 260
32 108
111 109
118 101
32 110
115 116
279 101
108 121
32 271
265 290
32 84
115 101
32 103
111 108
105 109
105 100
99 101
117 116
114 97
101 116
32 65
111 116
99 104
117 114
280 273
111 119
32 83
105 103
32 67
297 265
262 110
32 117
118 263
226 128
32 73
266 116
105 114
97 109
117 108
97 121
257 115
101 108
275 293
258 114
268 264
274 104
97 100
257 110
32 77
270 104
257 260
116 263
270 346
32 49
262 114
32 40
32 274
32 121
105 102
311 258
257 108
32 80
109 295
271 116
111 112
111 100
103 101
263 115
105 269
116 104
291 101
265 101
101 298
32 66
101 260
274 121
117 115
32 72
300 120
299 108
260 115
111 115
97 98
266 117
269 116
269 115
279 121
268 303
111 260
108 100
97 272
293 109
114 105
117 109
101 109
32 258
110 116
97 99
257 116
105 304
112 112
113 117
286 114
97 259
270 294
281 116
32 118
32 68
117 100
32 69
105 118
280 392
296 97
328 104
32 87
32 82
107 101
111 99
266 101
32 70
32 50
305 101
273 116
32 78
117 260
268 104
117 110
305 322
32 114
32 71
105 278
288 278
284 116
48 48
32 76
413 304
32 292
268 281
266 104
266 112
111 103
32 267
278 108
288 104
286 390
84 258
297 271
414 116
103 104
112 116
114 286
334 153
116 344
257 98
270 273
265 276
290 115
32 74
100 117
284 100
303 101
358 286
342 108
111 306
101 284
112 263
286 116
105 97
32 79
97 298
102 102
294 116
350 444
275 108
282 116
32 315
32 85
270 101
281 115
259 101
261 337
97 367
32 334
332 115
101 119
112 108
114 117
291 271
335 110
345 116
32 34
105 122
101 99
97 103
286 115
105 98
316 101
97 112
97 260
32 107
99 99
304 108
270 375
310 115
265 263
117 306
97 107
361 108
270 258
264 103
285 389
257 100
284 121
273 109
261 121
282 99
105 112
267 100
296 294
339 116
301 115
354 57
275 263
388 112
117 278
291 111
279 318
105 260
262 453
115 111
299 100
111 366
114 121
267 317
328 110
270 380
281 317
268 108
285 281
111 312
101 112
311 104
107 115
383 292
257 114
97 323
331 101
32 106
381 115
257 401
294 115
286 397
275 433
294 101
285 101
259 100
298 290
273 100
260 265
97 317
300 118
476 112
332 110
334 157
361 530
97 117
338 101
296 271
32 75
350 111
295 115
97 118
273 121
388 109
266 111
282 102
98 263
288 101
262 318
267 115
329 104
271 104
105 281
256 101
41 46
275 260
454 467
97 417
266 99
327 116
274 290
117 98
274 101
315 101
398 107
99 269
260 101
333 121
285 340
314 441
297 281
357 115
286 272
264 101
273 115
307 267
266 121
261 109
332 112
266 461
301 99
275 101
358 403
261 260
336 409
358 465
114 288
111 107
105 292
281 103
117 101
265 269
32 402
326 110
106 373
257 103
483 156
335 116
307 99
108 326
264 115
97 299
105 417
109 263
111 333
272 263
296 347
475 111
286 449
283 115
291 269
340 115
313 267
105 101
451 449
352 110
32 293
256 319
359 102
112 104
365 292
502 365
333 115
263 118
108 288
32 86
32 51
32 319
292 298
274 369
455 107
116 101
258 100
32 45
260 110
256 119
109 115
264 100
116 115
114 274
307 116
257 298
270 445
345 115
301 112
261 312
111 98
108 409
421 434
262 333
278 308
509 110
119 101
500 110
422 119
266 97
337 306
310 278
111 304
363 115
332 636
256 594
384 323
566 312
119 110
471 373
359 288
108 108
121 115
612 651
306 395
291 649
348 121
332 312
542 271
260 100
477 110
268 314
285 464
301 108
99 386
105 295
279 108
296 326
257 501
262 98
305 111
108 269
105 495
265 400
371 652
99 276
277 102
110 283
41 44
516 678
271 115
393 98
32 359
32 89
302 633
343 118
257 109
666 111
382 115
331 308
275 104
426 531
440 493
343 459
280 687
263 109
339 284
112 292
422 276
297 645
301 103
111 618
256 114
379 112
105 276
300 109
111 118
259 116
102 352
266 324
421 48
265 283
378 101
318 290
257 99
278 115
539 121
284 323
32 52
484 276
117 99
451 272
263 116
262 324
324 283
97 119
258 110
683 267
350 265
278 370
294 276
607 701
284 107
282 100
270 505
371 99
384 98
439 445
275 111
320 104
288 115
282 352
112 101
364 115
326 263
671 774
275 114
299 376
496 292
274 276
616 115
103 319
110 101
46 46
275 314
512 100
268 445
399 116
282 118
265 104
322 104
268 552
117 381
271 101
99 121
116 267
101 333
301 109
111 314
102 389
301 312
102 339
314 100
341 115
103 281
359 101
312 108
32 53
275 381
293 119
98 292
259 107
108 112
105 320
114 281
514 310
384 401
488 99
702 375
396 829
406 115
264 116
375 100
321 115
102 116
280 101
117 323
509 260
268 295
73 110
305 394
280 108
319 298
258 115
111 121
600 121
101 120
347 101
297 540
379 338
266 535
259 115
316 295
285 276
274 115
270 463
108 391
296 414
300 284
634 288
265 425
259 269
268 443
288 107
325 109
291 320
285 366
299 121
99 295
313 111
271 109
317 450
300 696
110 103
749 479
324 278
105 653
686 316
362 293
266 109
46 34
301 102
32 344
296 394
302 284
302 418
323 110
103 121
280 603
116 276
635 110
525 308
275 368
294 269
273 107
313 319
302 510
282 306
257 755
561 267
100 115
284 115
321 866
371 102
268 463
280 470
562 423
516 260
322 344
354 56
281 367
118 295
119 460
576 832
108 276
285 588
118 276
263 278
373 290
270 340
265 97
266 567
279 117
321 108
574 427
379 116
629 694
285 395
455 390
324 110
343 711
545 116
429 448
303 109
314 630
105 111
261 110
323 815
32 276
548 506
379 466
101 102
105 120
99 107
307 283
313 320
105 534
411 269
432 308
49 57
291 364
684 326
419 99
280 338
32 598
84 104
337 264
105 485
275 592
553 288
419 101
487 298
494 269
99 263
116 283
492 276
268 111
266 315
300 546
116 121
117 269
521 112
288 116
315 269
275 265
521 520
99 264
835 397
285 843
32 417
396 776
257 318
268 273
32 54
97 104
256 385
757 49
301 402
507 283
492 101
279 595
738 665
262 501
265 344
451 112
268 284
258 109
291 771
407 284
116 292
124 124
110 386
883 376
528 298
285 264
285 259
256 121
336 372
626 404
114 278
266 320
118 963
268 97
116 258
262 695
280 941
584 893
103 320
296 315
420 273
44 34
313 897
117 272
391 115
259 310
32 295
442 100
259 317
415 104
300 598
275 365
293 115
271 663
550 293
526 269
103 103
259 276
371 112
32 55
102 514
285 854
913 406
268 324
268 260
32 385
360 121
266 263
437 284
439 326
817 764
118 267
524 292
321 114
105 342
293 108
256 559
266 258
424 485
416 101
285 97
291 927
324 121
101 101
282 115
886 443
279 807
307 816
316 269
343 827
297 597
284 109
274 278
522 57
672 411
343 798
1018 363
114 264
615 121
286 110
313 1001
437 502
431 308
343 116
280 556
318 101
118 283
301 347
275 791
104 517
335 115
260 347
490 259
296 364
355 821
266 418
46 44
302 822
378 326
847 577
675 423
305 326
354 48
483 147
321 110
281 121
275 735
105 273
120 116
300 659
335 102
263 894
335 272
285 121
257 118
488 101
259 278
285 506
484 283
327 99
268 403
434 48
291 624
315 372
279 111
266 314
114 283
277 812
856 744
303 267
890 281
97 304
306 274
415 101
437 347
382 276
291 316
313 532
288 269
352 115
260 397
418 107
103 267
302 772
97 337
377 115
379 486
307 108
869 276
499 100
117 112
899 264
118 269
273 370
266 944
641 99
404 115
366 121
46 564
344 115
823 102
105 479
301 459
350 619
313 826
32 56
891 367
297 639
302 386
306 391
256 395
98 368
110 317
285 404
523 875
407 271
266 107
345 102
313 108
302 274
374 318
100 263
291 1010
105 263
411 316
641 535
426 284
707 1009
334 148
674 316
99 108
327 112
615 571
105 310
716 625
339 310
114 369
292 284
474 281
285 320
278 376
116 264
268 498
574 264
833 423
336 380
508 326
286 370
100 101
280 427
278 101
1028 363
111 104
362 104
50 48
336 114
403 596
726 283
301 116
274 457
266 654
408 101
49 48
257 768
643 263
380 290
1015 306
262 112
983 303
105 394
100 340
474 560
110 263
105 402
313 559
280 532
830 121
266 303
99 303
32 39
353 467
962 271
373 276
470 263
429 271
286 312
285 448
450 290
458 485
105 333
528 100
769 404
273 110
100 591
407 278
275 549
114 364
507 269
87 104
119 340
321 272
294 104
259 99
267 312
268 499
492 310
109 281
538 551
416 269
965 655
114 271
411 267
300 402
285 299
302 748
721 363
106 273
291 340
404 276
558 283
375 306
505 431
302 391
103 263
371 109
909 281
512 118
1038 115
105 267
684 624
360 260
442 1082
260 116
108 1039
442 1117
339 108
117 312
266 108
109 101
316 115
32 57
97 120
430 366
290 278
737 699
338 112
280 485
499 397
313 117
260 267
256 588
351 97
270 670
285 284
348 915
359 751
411 283
1121 554
114 310
285 265
98 115
297 828
825 295
259 283
727 290
589 712
354 53
105 366
490 1061
293 112
327 101
104 273
285 786
437 103
116 116
426 620
275 849
336 391
119 119
302 326
353 259
911 115
501 386
740 298
623 385
309 115
300 1234
555 294
256 393
266 642
102 560
999 324
329 264
295 431
336 433
301 306
475 1286
314 760
471 288
32 497
1060 100
334 156
411 276
945 767
691 1175
296 391
348 116
265 882
97 122
267 103
275 551
266 274
1066 1282
329 281
108 386
117 293
103 259
739 369
295 308
285 1287
707 796
279 293
343 466
279 1163
805 314
73 116
293 459
419 333
302 315
307 104
343 625
600 432
108 582
342 115
322 101
258 260
348 315
800 46
422 284
929 531
329 295
302 505
280 389
294 264
1019 377
263 283
1104 813
892 278
442 103
808 533
32 304
274 400
279 294
300 292
279 337
426 917
265 288
960 874
302 472
302 448
410 110
263 110
332 397
460 115
329 314
360 312
300 116
486 851
119 499
263 99
726 101
262 466
275 322
110 276
270 284
284 99
262 390
300 294
266 340
259 97
581 1262
370 639
291 264
32 38
1081 109
108 480
1049 1146
785 754
1153 644
262 401
117 103
319 259
359 121
732 497
865 308
116 111
381 295
713 532
959 668
320 115
321 116
279 260
270 1135
966 743
111 316
382 112
1338 366
1393 278
32 859
872 742
486 269
329 940
476 109
1062 363
1190 525
44 564
303 112
733 510
351 294
278 107
403 317
802 591
620 117
269 112
303 115
275 284
289 111
280 403
295 290
354 55
49 50
280 260
296 328
305 567
316 534
271 290
99 283
273 369
410 880
498 101
49 56
345 306
329 108
111 102
109 274
265 115
256 260
441 319
285 779
523 1046
355 328
396 260
295 278
429 427
101 103
285 377
268 1257
1120 632
268 520
518 276
311 111
321 100
440 101
1013 112
296 121
384 1348
371 118
119 901
407 964
108 117
111 292
32 91
424 688
343 112
590 622
112 284
1112 795
343 102
383 273
271 99
327 104
646 688
78 65
474 406
1022 283
256 980
256 263
355 1187
270 406
1101 431
300 108
282 459
383 308
285 689
32 90
296 461
275 324
383 794
257 696
629 461
112 373
550 655
1233 267
280 284
801 274
474 340
555 281
338 269
280 597
97 315
313 1277
334 147
268 694
780 1480
715 386
730 286
279 267
1176 466
483 148
671 352
103 276
285 267
291 393
109 98
415 773
279 385
275 464
555 479
256 487
523 1333
280 259
289 112
279 777
732 316
119 642
274 344
756 1356
1381 789
427 101
611 558
280 398
320 288
275 382
301 317
437 841
117 397
986 541
275 404
419 395
562 293
266 1034
423 115
343 109
487 103
1261 425
349 276
324 453
1099 573
336 968
437 472
716 115
362 108
1523 544
348 278
337 99
299 284
301 118
275 393
845 1068
1250 107
49 49
1161 728
108 263
291 319
32 81
302 364
380 115
101 347
268 554
988 1337
409 101
288 292
268 900
266 283
365 104
316 100
529 115
1051 383
808 1202
285 1231
117 276
658 100
32 48
524 318
454 689
354 54
1428 299
354 50
281 596
518 115
108 283
345 110
686 102
522 56
279 105
441 110
256 936
114 315
291 342
931 376
111 543
786 283
675 1462
455 907
275 318
498 115
268 258
469 110
296 460
454 292
372 308
285 322
478 101
1042 385
1075 109
103 110
305 1373
268 464
288 520
921 367
115 121
297 640
53 48
425 100
1513 650
265 273
112 273
278 102
733 552
302 1488
268 670
115 112
105 107
410 1603
268 1203
98 101
301 278
313 114
723 288
370 115
384 1689
260 108
87 101
389 100
1126 312
1218 110
279 377
410 120
327 121
354 51
105 456
857 697
586 918
319 121
1243 1677
396 347
439 423
278 116
268 1003
300 121
302 111
102 273
437 116
1037 1201
483 152
939 115
345 100
105 571
507 267
305 264
820 418
259 386
275 1313
299 660
459 298
1215 557
1075 667
714 813
97 466
550 465
265 573
834 1151
266 593
413 401
411 376
65 115
271 276
302 97
427 103
934 1177
388 98
114 372
410 284
388 101
301 292
374 101
411 299
275 472
438 970
321 298
83 65
281 107
50 434
118 719
435 101
321 698
257 367
455 100
302 340
291 621
260 338
291 1619
379 364
294 352
982 115
257 337
118 278
99 365
273 390
413 1092
1185 1006
752 1433
482 363
474 837
305 320
817 1441
422 711
465 323
268 278
422 333
337 100
117 292
455 543
32 263
114 838
526 298
110 278
288 310
424 1159
268 376
262 299
1087 115
313 260
292 116
664 45
32 380
343 662
364 288
119 104
111 754
423 427
336 541
404 283
98 121
105 401
484 898
285 520
739 431
280 299
32 122
778 115
739 697
418 377
823 1158
311 101
731 308
112 114
339 269
371 806
493 1088
677 278
1582 948
1192 1249
103 269
440 560
400 308
643 924
266 119
657 48
974 1631
313 768
378 271
1557 306
319 112
110 322
1543 386
1005 719
879 115
103 549
442 99
109 97
291 642
407 337
109 464
1498 344
279 748
114 316
300 471
793 315
105 338
366 101
114 456
615 369
307 1382
109 259
958 1695
32 1489
294 283
357 1166
281 101
914 554
354 52
276 115
318 269
487 557
361 510
1341 269
256 742
702 1694
105 381
661 283
375 1178
1173 116
73 102
321 98
280 632
109 112
1013 789
407 314
267 811
302 791
629 567
474 398
315 295
721 276
318 425
1023 852
617 116
518 283
264 269
322 115
111 120
419 120
430 267
32 36
49 55
321 102
462 880
281 99
115 119
104 496
576 1535
327 111
289 1024
1929 344
419 267
341 107
32 46
1035 265
1649 292
562 470
978 631
446 260
374 670
415 284
280 319
1369 310
1080 376
34 46
109 577
430 742
609 264
805 385
469 114
383 274
783 306
266 295
1054 724
745 115
49 53
292 557
561 1500
1882 1845
320 263
280 443
1727 406
1221 510
1570 432
442 639
262 450
1058 662
280 400
422 1114
747 290
458 1721
592 655
1742 1225
264 306
271 264
266 497
108 111
994 528
382 271
801 288
45 45
345 970
370 283
83 116
327 418
514 278
730 901
1080 660
509 453
500 556
274 283
288 504
257 1265
572 269
422 103
280 1838
395 577
270 265
280 1622
783 625
430 101
109 276
327 461
49 51
268 1630
914 777
403 115
429 1000
1089 373
384 110
292 121
654 310
1195 263
108 338
1097 121
111 322
561 295
265 605
289 1236
108 315
750 549
299 116
101 98
1054 110
300 1601
1801 1165
256 533
274 273
114 448
570 292
270 556
415 1794
1264 265
342 102
280 1366
1310 432
477 83
1352 288
339 504
285 753
117 363
268 559
285 494
279 1457
947 953
1050 372
608 1839
288 293
584 338
542 265
710 504
99 299
1099 273
296 1251
496 794
280 630
420 108
280 1301
285 995
266 580
266 1486
419 1541
349 377
257 306
416 541
343 98
500 380
348 110
97 105
115 104
960 299
280 1029
329 278
65 110
291 114
584 398
469 799
276 924
32 393
575 841
266 949
97 401
986 121
1340 112
296 1703
361 1600
32 386
307 630
545 103
1402 762
361 2014
1583 867
115 497
521 1222
403 1812
302 400
335 73
266 996
737 322
1497 402
350 121
538 1575
761 1293
966 517
305 688
349 340
350 593
1705 482
281 110
270 114
49 52
292 363
99 850
740 557
103 385
291 385
541 518
647 292
280 582
70 273
115 99
689 706
1768 370
322 116
99 292
345 1750
270 531
291 338
715 1285
49 54
788 470
362 314
313 294
323 644
268 365
1734 432
313 400
394 112
115 264
478 448
555 320
1170 370
97 102
280 1911
1058 120
111 269
267 110
1254 582
303 269
1922 617
876 283
329 631
336 265
1239 101
331 317
293 695
842 342
302 480
51 48
1086 115
759 776
327 1213
645 116
1349 115
104 283
258 116
909 97
269 646
270 497
274 513
1379 347
802 549
320 980
488 558
336 622
433 363
47 47
349 259
1800 1533
301 681
302 735
732 1074
108 633
303 281
73 68
873 342
873 1427
260 103
728 318
408 114
98 264
105 314
270 642
265 809
611 1671
46 41
291 604
1350 290
122 101
279 328
1254 115
1224 936
289 695
267 596
291 303
282 274
384 466
1274 1803
102 263
100 303
329 838
824 48
745 276
99 663
1406 263
329 284
289 919
611 295
590 372
384 109
288 480
302 1322
121 108
1651 292
324 376
321 506
1138 1091
538 540
1504 1398
1195 839
97 101
265 954
267 101
296 819
345 878
349 284
848 117
301 100
328 425
256 1744
1260 621
494 276
1081 667
268 635
965 1299
275 482
268 1085
398 121
780 288
105 372
517 292
259 669
438 1860
569 283
58 2176
553 115
1138 760
566 449
286 319
327 258
793 1268
291 468
329 1482
1536 99
374 108
699 271
336 393
1659 263
1331 790
72 326
326 115
285 1263
1377 117
981 1743
1390 923
860 432
112 423
354 434
1182 259
260 1304
291 105
426 111
308 283
97 318
301 1409
305 867
273 103
840 115
268 265
994 1256
278 269
293 698
454 115
266 603
1364 712
348 99
993 50
589 953
708 273
1626 654
648 1259
522 55
584 1114
275 423
329 68
266 1269
259 513
394 98
69 82
374 121
354 49
291 328
394 101
1106 276
109 121
289 314
1438 1359
256 463
268 567
348 1925
265 352
80 65
361 1869
117 342
799 121
1040 546
429 917
1395 572
32 333
607 109
1343 460
710 456
710 328
1365 97
304 260
121 110
289 116
302 496
1050 456
121 109
289 618
1722 1747
292 120
715 552
548 409
285 556
195 169
65 108
301 486
1350 457
275 340
274 269
672 898
291 418
1351 977
488 112
319 98
756 118
108 116
263 121
284 283
325 317
285 551
442 115
339 115
102 470
1032 528
257 2133
1748 115
372 103
275 806
788 112
490 470
280 1810
323 281
1688 107
1633 118
708 659
268 101
32 318
396 433
267 276
1385 115
408 541
993 48
32 47
276 283
398 99
747 460
938 1647
539 1798
336 573
424 101
1714 431
32 88
307 821
458 117
934 573
314 108
1414 480
103 283
408 572
1405 283
67 104
1055 115
853 116
454 794
713 595
623 1206
1811 273
378 364
110 326
263 495
538 1129
260 298
1184 1846
1297 278
271 352
1342 578
1168 317
384 260
338 276
365 101
1653 1299
383 718
426 443
1446 583
393 276
1353 425
395 450
266 402
1802 513
379 1435
398 850
338 98
740 317
475 1392
1529 269
548 677
697 310
280 619
358 320
32 324
1053 369
300 112
364 537
408 1548
95 95
87 773
373 457
421 53
312 402
257 333
604 121
288 718
407 380
321 755
282 1547
490 295
279 284
721 283
268 292
325 667
492 283
41 59
845 1016
586 1779
419 97
50 53
411 278
268 274
265 116
415 346
580 400
283 1207
304 121
362 101
501 1285
312 298
302 383
448 115
393 1253
1191 276
114 377
581 1445
302 276
120 288
546 283
424 111
297 559
97 450
1370 283
1455 1826
321 109
271 283
320 121
1818 505
280 97
345 875
1822 259
275 1754
111 577
299 292
1290 1973
32 337
328 310
450 1490
1696 323
517 115
872 632
300 634
615 295
302 828
108 369
266 1222
648 1329
285 273
865 370
1521 288
643 1607
108 822
118 964
430 117
646 278
590 409
1615 304
490 404
347 395
315 394
323 283
258 306
1344 119
305 767
335 831
292 367
69 83
674 394
296 2083
84 111
362 263
929 2021
66 318
611 940
1746 1726
1514 320
761 878
1011 1715
32 653
439 624
98 260
382 269
279 324
912 605
740 722
117 107
1115 617
1599 276
879 400
643 101
555 2374
317 698
710 720
294 99
429 372
345 99
104 1681
903 263
32 194
500 283
269 99
297 1806
336 365
746 467
349 389
300 333
117 513
301 470
329 111
268 1311
280 487
545 323
398 663
420 831
914 1883
2079 1434
798 109
284 369
266 925
1325 352
1624 425
1129 308
103 111
349 281
476 482
393 450
956 57
112 308
561 571
313 460
1339 278
294 107
574 274
2062 2019
299 115
1185 263
1572 283
296 1950
1098 1656
396 390
2336 278
256 1307
257 557
1594 101
302 322
2050 1095
327 493
268 318
261 573
377 290
305 1159
385 288
382 425
561 1363
1331 697
361 646
267 99
291 830
978 373
665 103
1083 288
302 1544
679 56
419 764
2070 369
382 591
280 265
780 2116
767 107
89 286
285 2263
614 816
393 278
112 318
644 102
268 1772
280 393
266 2033
336 101
1567 310
1880 364
512 520
362 381
284 874
282 106
1219 299
297 495
350 540
1939 582
407 2191
324 323
79 110
110 596
484 269
2072 359
105 377
430 319
396 265
266 338
291 286
112 393
1552 667
1432 99
765 48
297 377
586 100
349 101
679 54
562 2111
256 995
317 281
394 281
679 55
111 264
1179 116
318 104
270 443
648 502
1420 370
114 513
112 293
32 124
931 660
302 441
396 572
993 49
1418 288
2329 2506
1279 2169
579 2092
477 78
2065 1558
319 342
338 259
1516 1122
98 777
801 108
398 543
974 744
257 471
586 99
109 264
458 281
818 308
347 269
263 304
266 1213
285 552
284 114
1637 276
888 263
1029 706
1351 621
362 779
1608 591
291 411
365 263
259 352
475 1520
1842 299
52 48
257 316
267 283
453 110
388 486
1614 115
752 98
1787 115
918 290
992 115
297 283
336 319
305 1985
489 2226
104 532
111 273
1120 1470
116 369
313 1315
378 284
280 496
409 100
296 273
1469 308
1410 276
674 364
324 369
1735 101
416 1255
572 283
726 269
279 339
110 368
1181 274
522 54
266 630
1258 468
407 497
324 115
1874 513
1472 115
1126 116
847 1177
2042 110
623 870
1859 121
1516 259
2452 482
410 100
1051 315
334 166
1979 121
1318 283
1318 812
679 57
981 646
1410 269
1208 1078
371 98
343 1864
979 290
104 819
271 667
626 111
804 2429
109 1471
264 312
489 352
1804 99
285 2453
1035 619
279 1249
1515 537
814 753
401 263
336 2628
296 2006
494 283
374 111
1170 283
727 457
708 108
581 284
305 310
279 274
820 386
440 1097
1454 304
1510 896
1243 2172
318 457
489 102
364 787
524 1155
311 319
2383 2175
1294 596
489 1547
50 50
384 306
2401 316
1230 681
371 103
860 468
656 278
1530 100
377 276
1098 621
1611 283
1709 281
726 276
458 1604
415 380
321 99
280 339
79 78
1005 1242
268 121
785 273
1096 2701
285 915
648 1214
1226 578
114 479
266 276
257 409
1395 556
1487 278
415 1267
108 751
421 49
498 281
110 115
1227 652
259 111
65 84
548 111
266 265
1562 112
292 554
1629 2265
344 110
459 99
1394 796
321 401
1609 1368
728 760
842 320
279 1132
388 269
685 115
665 323
1160 115
275 979
863 115
302 372
256 1485
109 283
382 1650
365 115
1226 1144
371 541
259 543
1524 425
349 273
2663 2765
335 109
285 949
268 114
617 520
1997 368
194 176
97 471
109 1330
1002 2190
1040 2669
278 117
285 386
421 52
280 560
329 552
1118 583
101 276
974 2596
266 286
1408 306
41 58
419 402
349 1111
296 2720
1858 533
361 1447
393 101
563 99
114 472
119 1401
260 306
312 101
291 267
1125 953
335 397
747 743
279 2162
105 319
302 595
73 84
384 471
73 78
364 533
493 694
111 308
280 2077
339 372
1130 1676
782 108
910 259
419 659
1208 398
32 44
65 78
423 2870
888 659
281 811
416 1151
48 115
1404 308
345 1259
266 377
1420 907
263 1113
291 441
280 528
329 376
293 1148
339 456
904 1643
321 103
1475 480
362 114
302 464
111 598
2261 1691
1474 1458
362 549
930 1447
321 397
1053 719
469 98
313 101
672 400
1559 363
121 283
1148 811
586 112
1579 115
439 443
679 53
284 583
79 82
279 383
65 82
327 1069
329 273
1118 468
1879 724
1528 507
1668 2495
362 433
661 368
347 115
932 2279
524 264
1416 1024
271 457
1402 278
352 109
279 319
98 273
581 531
114 537
1093 283
298 457
256 284
1467 507
103 768
377 104
1188 308
285 546
458 2860
549 290
1387 347
257 112
300 99
288 97
490 1162
802 276
266 278
262 120
1182 1642
626 597
1567 504
1037 743
773 115
1784 263
912 273
1873 1617
430 108
383 320
65 272
1002 533
440 337
1377 269
782 260
550 101
270 97
379 99
1025 1166
271 269
2396 308
575 299
415 385
302 954
1682 950
524 281
1388 976
321 2728
1763 427
111 381
114 273
643 269
97 339
117 367
268 319
331 1451
761 402
327 944
1279 269
814 404
101 121
2287 418
1946 281
1089 925
902 459
371 347
256 324
69 78
259 372
284 105
2857 2474
1302 394
289 2486
1101 1242
296 284
285 380
894 450
472 292
891 1289
275 595
278 283
268 1293
50 54
329 1085
463 283
355 100
276 105
463 326
561 2905
270 295
2109 593
104 338
117 495
2470 492
404 116
301 304
83 84
1456 506
1588 304
1149 115
278 1031
305 2421
1005 105
1157 278
79 799
274 310
1200 115
264 121
435 772
349 320
522 48
118 385
2127 482
498 352
2225 1016
430 597
890 479
119 810
336 1786
891 2114
321 2356
429 467
273 482
296 303
256 728
522 52
280 1000
524 320
108 115
266 395
443 276
108 448
469 298
50 55
362 260
362 368
34 44
292 98
288 111
302 1030
973 472
576 925
280 1077
1041 110
1640 117
646 320
600 369
526 283
424 65
109 265
1019 450
294 631
420 2880
2376 372
256 1263
73 67
410 3083
959 2224
280 2015
379 878
265 1006
987 121
117 690
1984 1242
269 101
871 276
1037 2038
761 316
647 116
285 303
317 1945
281 722
399 2794
276 468
2300 278
314 269
299 269
348 103
989 2414
801 578
1365 294
1556 312
99 461
114 622
1865 2258
1632 964
316 276
300 448
1416 104
2086 1359
349 464
305 318
607 110
327 109
1918 525
1646 106
429 1843
2170 97
288 456
2461 281
280 572
103 284
274 1646
349 80
100 100
98 111
978 2795
478 1326
611 1384
804 595
1426 1082
575 264
500 1305
302 288
716 116
484 263
1639 119
391 263
301 546
285 1518
2946 376
553 121
647 950
1060 907
623 593
2353 2040
275 2507
477 115
270 1077
713 1147
268 506
112 316
512 365
2327 1113
782 1501
109 389
835 1178
1357 115
296 1030
2371 1298
50 57
3090 2051
359 116
410 472
349 3202
656 337
303 283
737 299
325 634
381 112
478 98
366 369
279 278
1668 101
72 101
117 122
1375 370
119 505
1121 900
410 109
2711 2575
655 107
1832 2250
256 518
316 263
1131 284
892 310
362 284
892 456
632 121
50 52
374 284
50 51
276 303
327 338
1239 269
336 487
279 554
580 290
1070 497
1096 2013
301 110
881 2276
335 83
420 2022
67 84
703 1982
458 2094
469 453
1564 276
279 1231
378 2680
285 2047
302 689
1055 276
1908 269
285 316
864 308
2651 859
108 273
831 367
329 403
313 567
1528 276
999 1156
268 286
1419 690
3036 269
723 263
329 510
957 259
623 406
419 1409
952 971
450 1996
282 2478
256 267
378 263
1212 115
1280 283
117 401
274 263
296 264
336 3129
750 2621
1279 107
416 493
2332 719
1255 312
421 51
419 2334
343 722
2363 425
1994 720
1115 114
268 460
407 979
1011 370
327 654
1868 116
80 293
1840 893
270 1485
99 543
121 668
430 897
50 49
98 281
662 101
329 303
393 482
361 604
380 276
793 754
648 950
65 76
87 346
1140 283
83 111
108 1189
2173 368
842 276
361 292
104 121
117 2365
584 292
647 98
327 108
295 104
349 552
635 976
572 97
267 288
73 86
1532 1144
1372 105
322 288
317 276
2841 1875
845 263
1360 276
2075 1165
337 109
121 292
1532 578
293 303
259 121
257 1434
2425 1375
932 319
2410 573
313 322
1059 116
410 2871
2766 111
408 111
398 269
804 1494
349 264
295 1088
307 103
56 48
97 316
282 110
418 114
291 533
105 368
833 308
2432 810
410 108
349 551
904 274
266 292
1693 115
574 1435
1388 2746
271 108
373 115
273 310
332 272
263 111
1012 1889
1066 120
1140 368
332 2358
1653 1398
1408 535
336 549
366 269
322 276
291 620
382 283
1204 320
2295 712
302 868
112 115
1927 534
550 2858
899 631
69 84
385 115
814 1162
641 3107
415 505
488 486
314 288
1821 506
266 299
1212 276
3068 1199
1065 103
321 3104
658 260
274 292
756 768
312 99
937 283
492 504
280 735
418 314
374 319
105 1476
439 499
994 1895
522 51
280 1122
98 748
65 116
1471 1078
374 97
429 622
430 559
108 259
110 269
266 323
523 2565
383 1749
349 764
539 3371
386 290
327 281
339 102
315 571
349 97
2598 267
342 659
1868 377
268 1876
98 831
2367 304
313 1137
1106 115
1948 328
279 114
1443 121
639 116
428 2164
105 284
707 290
263 310
265 324
1227 3177
465 115
418 543
257 315
333 312
1700 121
413 337
1872 367
280 2323
435 558
2188 276
54 48
429 1807
981 712
1278 278
107 283
1011 2027
629 2148
110 97
285 2223
291 372
66 121
589 1315
3155 1776
658 3238
1706 432
105 852
469 102
350 303
2904 372
316 97
98 274
881 108
1071 263
2828 404
506 263
524 1111
1418 271
785 2251
1443 874
1131 760
2319 263
834 2121
2026 283
374 263
517 363
117 471
937 269
476 486
327 315
689 1945
273 367
992 283
266 391
1687 273
305 448
296 464
270 532
446 312
990 48
1966 308
342 116
321 2477
327 323
1290 391
325 596
285 318
686 119
1044 518
300 370
392 382
904 968
313 954
336 284
704 818
119 111
331 269
2773 308
2052 432
279 2123
374 2750
545 393
107 121
2061 372
1065 347
420 687
603 115
102 373
266 264
1023 3282
1353 809
82 69
401 283
876 278
3011 1024
109 284
293 121
401 276
407 2387
313 121
650 294
708 100
116 594
1354 278
750 1248
1053 333
285 1330
288 372
408 271
285 677
280 395
1924 431
296 322
362 265
2378 3144
458 269
487 513
1932 276
291 779
3052 369
512 2649
259 456
395 115
851 278
1477 427
279 347
316 342
847 2412
114 504
72 69
32 120
586 1691
868 101
2134 121
1847 861
2800 468
312 116
349 513
1512 456
291 3276
406 288
1378 376
302 359
1327 283
2668 98
647 303
122 283
119 497
327 314
1303 448
2272 310
291 751
2862 363
836 115
551 269
1289 121
296 1077
260 99
275 339
1362 283
279 1258
275 267
426 537
476 494
913 537
1937 795
1627 281
107 110
1633 273
118 406
804 849
2291 276
329 1772
665 317
1336 3321
1827 115
424 326
825 859
1452 308
275 320
1847 274
472 288
334 162
3492 525
522 53
2909 121
407 295
422 414
300 265
280 2238
301 3158
978 668
3214 593
2056 273
528 557
2064 1971
1908 276
580 376
1475 1043
285 271
266 819
83 461
3100 580
264 97
103 278
931 1813
294 290
2299 276
338 97
430 111
315 278
439 1505
306 263
1688 543
1442 263
1150 115
274 271
100 111
1343 1429
288 517
291 117
114 406
3176 295
546 1302
2393 115
1608 1417
750 391
919 115
2843 308
1507 968
295 121
492 269
349 853
856 1476
2078 333
1407 278
1901 425
327 263
289 390
1724 701
1788 283
1507 406
256 597
279 281
1292 406
1396 115
487 450
749 2684
316 571
407 274
1022 276
1352 121
268 706
311 853
548 324
114 115
3731 116
3764 669
79 83
3254 2887
275 969
1599 283
1873 423
476 969
429 339
259 432
885 118
98 595
378 414
586 116
279 558
98 324
1951 537
581 3640
260 320
934 3495
458 1573
865 3366
600 364
2315 115
278 121
1183 655
293 662
478 1000
793 1974
1394 274
69 120
569 101
885 2585
679 51
2655 1030
120 2590
446 121
1524 882
85 110
2778 456
2125 276
1100 1271
1260 977
648 100
2555 376
885 116
1168 722
341 1566
260 3031
3256 668
1621 2220
3308 116
2152 377
111 111
512 106
2379 299
661 276
2149 97
626 2898
463 328
275 112
278 276
10 32
279 831
752 112
3421 431
121 465
121 112
679 52
1221 2369
489 99
279 3258
371 278
623 284
2280 3314
1793 310
909 479
623 278
420 603
2219 634
420 3008
65 83
408 771
2497 346
1713 406
914 900
374 2938
1735 269
1657 1199
285 278
256 727
825 534
612 560
336 340
1834 269
2853 1909
3588 104
2988 121
435 496
285 727
610 604
280 448
305 1573
442 104
1498 2530
104 116
2579 274
103 363
280 1150
1531 818
338 109
2624 720
858 264
548 2094
2311 1078
1376 276
1161 2481
1023 3153
99 258
366 340
327 324
307 3351
272 303
268 815
338 263
512 2490
392 101
1454 923
988 303
973 558
1629 121
469 471
378 2837
2075 344
723 578
2867 540
1717 456
283 117
322 269
1530 112
1294 811
302 3263
256 394
848 532
296 495
349 99
674 2011
266 373
256 286
73 83
51 53
679 48
67 67
260 119
55 48
1419 557
378 375
514 115
2476 651
408 340
1673 1031
752 3608
429 810
101 269
388 283
3675 624
2582 99
381 104
723 368
258 347
50 56
416 276
574 391
284 97
109 320
321 2342
109 267
285 1494
280 769
3291 3624
1519 724
1667 925
302 265
52 53
268 660
420 392
1065 118
524 284
2173 263
3283 1042
1278 3553
2650 115
332 2803
947 1294
410 1057
675 101
279 1888
421 56
1070 112
279 443
349 121
814 1284
285 328
3417 3765
368 264
835 2661
1609 400
1090 640
2492 376
374 340
379 470
258 108
256 315
256 544
1466 108
658 3886
563 2153
934 577
415 2167
1736 347
860 2220
857 115
271 344
98 105
68 83
99 431
2074 828
107 267
1017 116
1504 863
305 720
1196 377
1596 3619
2165 288
279 603
654 276
2149 281
262 2679
402 101
111 417
1919 924
319 811
3419 541
270 264
1824 265
281 468
121 701
756 2475
291 3702
496 308
270 3790
349 366
957 537
3761 294
947 1909
1040 2433
291 263
2067 525
266 110
1036 1982
3139 2501
321 880
303 98
876 269
2831 597
1430 2534
1507 1890
475 3691
296 2422
1341 276
98 108
275 773
194 183
496 108
339 97
416 320
569 389
360 337
489 3152
842 2193
708 1956
989 3813
477 312
1241 115
102 1897
1181 290
256 592
628 115
2636 295
274 544
521 2445
359 955
1797 363
668 264
273 283
291 1190
3316 549
3039 274
321 260
477 636
2820 832
1002 2427
2135 115
106 851
834 635
1716 115
1264 619
747 457
1003 265
1131 316
3623 377
458 409
51 50
1539 1141
2749 368
275 3377
3210 97
362 77
100 347
1770 777
1032 263
1529 955
1153 510
1197 493
679 50
2335 338
408 493
306 101
311 2852
641 112
458 263
